Deepseq_NSCLC_1008 <- c(0.0,0.0481636876416,0.113634406352,0.17856479866,0.237560531548,0.303382749489,0.361103261033,0.410756514378,0.46200012631,0.5025258824,0.522694665824,0.544665600474,0.569937183069,0.593833389365,0.62216767215,0.655931374081,0.668422674316,0.70017434617,0.731277243583,0.750424063727,0.769050333286,0.780864152246,0.800724177725,0.801586658595,0.797494339969,0.780409308414,0.775599956876,0.791368939589,0.799598231914,0.805991562743,0.814039045121,0.81897087915,0.832351453299,0.846671059875,0.839627678746,0.841642898472,0.848840658573,0.86828156428,0.869105131442,0.874413981887,0.893482336685,0.896439778485,0.913913947119,0.915626150267,0.91901802215,0.940217061939,0.959391950987,0.965096955736,0.959028331093,0.966798952009,0.966723676312,0.974408814657,0.978101151399,0.970759857129,0.959944398053,0.943397779112,0.941621783001,0.935265452091,0.922025222462,0.939063047224,0.952795120604,0.949766230684,0.969398515283,0.972143526513,0.989650867489,0.973682850729,0.970603564368,0.957156007607,0.946950409264,0.947549425194,0.95616466495,0.975426950358,1.0,0.988959989691,0.989386764619,0.997484643439,0.986156926863,0.979365527941,0.987363251808,0.972965817816,0.942323505602,0.937247499475,0.92905265535,0.911369245795,0.901613387847,0.88678471342,0.868142495619,0.865298605294,0.845406045404,0.833250296159,0.834272259438,0.786099002852,0.752478835089,0.6969872497,0.648741269135,0.589589243486,0.495069122866,0.388633752474,0.253354393517,0.115058903233)
Deepseq_NSCLC_18752 <- c(0.0,0.0544007015489,0.119828261566,0.187193666436,0.247595707919,0.30862478939,0.361598936638,0.407231810091,0.445291910878,0.494401866709,0.517369314288,0.539449860564,0.561696748744,0.581238472966,0.591164561969,0.613692008383,0.626890510233,0.647549868076,0.662190255277,0.680733161523,0.684979862664,0.704581377986,0.726600600057,0.728081579589,0.72379655082,0.720761769265,0.717460993973,0.735826060027,0.735197486934,0.738749691463,0.739732411835,0.751431536892,0.757337057757,0.775272087829,0.78236576515,0.793612624201,0.800266300357,0.809445767173,0.817473872056,0.835912527155,0.848477856596,0.842245784344,0.842051846548,0.851173055371,0.85633808647,0.876344341539,0.891278318368,0.887992874127,0.895791779797,0.912908131743,0.905990761509,0.903615981701,0.893279787082,0.889660125929,0.898021681172,0.892868148362,0.896769134302,0.89324912498,0.885115235845,0.894338396157,0.920278534535,0.915623260884,0.925364610722,0.932290413034,0.945541040457,0.935046936013,0.930618561917,0.92716294301,0.919782575034,0.925563914385,0.947341672403,0.955327616895,0.980082665027,0.987981989081,0.997599157405,1.0,0.999540068468,0.985904631664,0.969416852811,0.973215887262,0.945854560451,0.94101914695,0.931164347334,0.908511952854,0.907704006464,0.902988941713,0.890082496386,0.882311186608,0.886146249028,0.86469274274,0.844297078975,0.815329824567,0.778186520633,0.725670771811,0.66576468983,0.609336456779,0.524994212528,0.410200668127,0.288564875642,0.1386977192)
Deepseq_NSCLC_25118 <- c(0.0,0.0876304532644,0.18715092525,0.27927876666,0.362285757639,0.461679039784,0.498980249872,0.531873327844,0.583269180563,0.631846774176,0.63736725955,0.641111549953,0.684457624585,0.676474788519,0.656637636143,0.69617359405,0.669903313407,0.68425568282,0.73301178849,0.750391052976,0.746505068627,0.775374931106,0.794684357212,0.786819785384,0.76390776282,0.739394710241,0.725432835954,0.733517200752,0.753126750255,0.773933446242,0.768006845937,0.770160147629,0.774757948807,0.806710491377,0.803891116571,0.796595551926,0.809061272032,0.834746925688,0.819653731237,0.823121327951,0.827113303834,0.802678350281,0.823634550116,0.857150188888,0.8674547974,0.885212284307,0.903288861517,0.904619892045,0.88288604906,0.901040725294,0.890997190666,0.894304126529,0.894859745308,0.902280268393,0.8998145706,0.89953229841,0.920670357403,0.915902969771,0.912626157818,0.930016579307,0.93301335047,0.929817984644,0.940737344053,0.925303860993,0.905323898971,0.892527931558,0.904099975678,0.905223485939,0.901639856387,0.911951159101,0.928133277102,0.967075682418,0.993159641102,0.994611167268,1.0,0.998897688046,0.961955733473,0.955736819674,0.906796623444,0.902527953872,0.888821574967,0.913981733754,0.906435136528,0.879074816635,0.865645131418,0.876807713506,0.89598771837,0.902050434119,0.881006093955,0.834475810501,0.78671490955,0.719028715896,0.682570975278,0.633770241594,0.571180567177,0.503853629039,0.383245304575,0.260480331318,0.143142124606,0.0288096146594)
Deepseq_NSCLC_32780 <- c(0.0,0.0740493361869,0.169052091293,0.263504434046,0.344106965091,0.419072031563,0.49040766437,0.545884845699,0.598662936365,0.646188364015,0.671518900637,0.697525275435,0.724676921953,0.743130348483,0.768297100898,0.78861425775,0.810137572645,0.834366675698,0.850127100198,0.863945859882,0.878713228467,0.884698353938,0.888322307835,0.903063495301,0.905937329709,0.909773168007,0.903447079131,0.904882778608,0.910377769186,0.928669846962,0.937733993747,0.947687080836,0.954936815219,0.957297377931,0.949645184957,0.941688560373,0.942114764629,0.94582639483,0.950719219681,0.962612753858,0.96214636463,0.965061601736,0.970671667463,0.973851760071,0.973212453688,0.985305086139,0.990453633543,0.984641425227,0.978827999184,0.982592600485,0.988714720182,0.994070281082,0.996603152085,1.0,0.996379090419,0.995924878456,0.998728693593,0.998273263903,0.990816516024,0.994852061459,0.996618982529,0.994809441033,0.995913310054,0.997727722456,0.999357649301,0.991963005471,0.987726535173,0.972008731099,0.967131736691,0.966899759803,0.974144623281,0.981897278686,0.982044014722,0.975137070333,0.961180098697,0.946412121249,0.93436698013,0.93194431337,0.927962347898,0.924075973953,0.904708643727,0.888500095896,0.879486484759,0.872287286023,0.863125721122,0.854149859505,0.85525068421,0.847356163675,0.828583083953,0.80894420073,0.77353028029,0.741865130708,0.697746901647,0.644093265668,0.584112323087,0.511223480201,0.417610759831,0.311129106402,0.188910165276,0.0474736742764)
Deepseq_NSCLC_4376 <- c(0.0,0.079879662692,0.163717241405,0.247112737655,0.335275530026,0.392888246854,0.445639003222,0.488761449652,0.531521331662,0.5539208076,0.577478028407,0.595966920493,0.610162784798,0.629814154969,0.632296253943,0.659924041334,0.663317757894,0.684577475188,0.691763445176,0.704229792004,0.721761627621,0.729366013988,0.737897164235,0.746241825734,0.744856886452,0.737487267646,0.72418124813,0.742416439788,0.747327625705,0.75836454101,0.776264620907,0.779009886744,0.776282607132,0.795099037832,0.787584582587,0.79420256654,0.79016986569,0.799832254791,0.798085697733,0.817563832164,0.838371053917,0.846635250728,0.855693681345,0.863464676948,0.85323903503,0.88537095168,0.892729210764,0.882062433025,0.88569470372,0.899135146597,0.905324301093,0.923573692401,0.924185224033,0.921676619044,0.918719305088,0.908866640666,0.908971718082,0.916215433317,0.899677573261,0.911680064826,0.91907997622,0.923747874786,0.94408366813,0.95901791428,0.959467569891,0.943458883491,0.94947574889,0.960780564275,0.959520581921,0.950151652271,0.967239512138,0.978471435982,1.0,0.98792083032,0.991141311139,0.993701981514,0.974204914215,0.976405860101,0.977088389987,0.965833746701,0.947742444839,0.943676611471,0.930256994748,0.905147278779,0.912630494792,0.901916384882,0.893521551283,0.893584976391,0.893565096879,0.875541006698,0.857460117914,0.831612966743,0.788777353261,0.727076083623,0.670760268241,0.598158399945,0.479365067344,0.372464415675,0.218527893794,0.0634033344567)
